0b000001 0b001001 10000 10000 29231 132817934 14177 14454
0b000901 0b001001 10000 10009 2292 150118709 5151 5419
0b000701 0b001001 10000 10007 4012 151376404 6782 6000
0b000101 0b001001 10000 10001 449360 152403011 353135 155347
0b000301 0b001001 10000 10003 13182 153022512 22142 9073
0b000401 0b001001 10000 10004 21780 153576360 32363 11947
0b000a01 0b001001 10000 10010 32097 153944869 46470 15417
0b000801 0b001001 10000 10008 221814 154617184 197190 79030
0b000001 0b001001 10000 10000 10890697 151251494 3905183 3656948
0b000701 0b001001 10000 10007 9743 155423560 7641 7911
0b000301 0b001001 10000 10003 21780 155510304 11672 11947
0b000401 0b001001 10000 10004 11463 156021550 8221 8492
0b000501 0b001001 10000 10005 707284 156589162 241324 241845
0b000a01 0b001001 10000 10010 13755 156950447 8984 9256
0b000501 0b001001 10000 10005 2865 157971608 5335 5602
0b000401 0b001001 10000 10004 573164 158470491 196395 196869
0b000001 0b001001 10000 10000 22353 159723213 19357 12146
0b000501 0b001001 10000 10005 283143 159815952 220474 99608
0b000101 0b001001 10000 10001 4394451 158983314 1583115 1478371
0b000a01 0b001001 10000 10010 221814 160629838 78683 79030
0b000101 0b001001 10000 10001 18341 161613022 16593 10800
0b000501 0b001001 10000 10005 30377 162159343 30863 14836
0b000101 0b001001 10000 10001 1719 162537200 21751 5220
0b000201 0b001001 10000 10002 8024 162612543 26496 7345
0b000801 0b001001 10000 10008 6687109 160889458 2264191 2247242
0b000601 0b001001 10000 10006 2292 163567421 5151 5419
0b000a01 0b001001 10000 10010 697541 163877879 326831 238574
0b000901 0b001001 10000 10009 621310 164030794 301195 213013
0b000301 0b001001 10000 10003 57889 164646846 327 24055
0b000201 0b001001 10000 10002 573 165181252 4434 4838
0b000401 0b001001 10000 10004 16621 166190832 9947 10219
0b000301 0b001001 10000 10003 535335 167421877 419916 184180
0b000401 0b001001 10000 10004 54450 169283898 70 22908
0b000701 0b001001 10000 10007 1165243 168730989 761582 395427
0b000501 0b001001 10000 10005 36682 170013260 16666 16946
0b000a01 0b001001 10000 10010 535335 173180452 338951 184180
0b000901 0b001001 10000 10009 726199 173171198 444756 248190
0b000501 0b001001 10000 10005 4012 174493800 5732 6000
0b000401 0b001001 10000 10004 601822 175549357 205986 206469
0b000a01 0b001001 10000 10010 573 175802540 4434 4838
0b000601 0b001001 10000 10006 2292 177132635 5151 5419
0b000701 0b001001 10000 10007 573 177810022 4604 4838
0b000501 0b001001 10000 10005 20633 177809050 11488 11565
0b000401 0b001001 10000 10004 14902 179105592 9367 9639
0b000a01 0b001001 10000 10010 9170 179617858 7457 7728
0b000701 0b001001 10000 10007 24072 180196265 12451 12727
0b000601 0b001001 10000 10006 8597 181581641 9913 7529
0b000001 0b001001 10000 10000 1021952 181277770 349614 347362
0b000a01 0b001001 10000 10010 10316 182001041 7839 8110
0b000201 0b001001 10000 10002 160486 182162815 58143 58468
0b000701 0b001001 10000 10007 100303 182779073 37985 38288
0b000001 0b001001 10000 10000 1146 183081050 4975 5037
0b000801 0b001001 10000 10008 8597 183299348 40813 7529
0b000501 0b001001 10000 10005 1652433 183035360 780077 558808
0b000701 0b001001 10000 10007 22926 184912686 12054 12329
0b000901 0b001001 10000 10009 67060 185148878 26852 27143
0b000901 0b001001 10000 10009 573164 186827086 274 196869
0b000301 0b001001 10000 10003 2865 187065593 5335 5602
0b000001 0b001001 10000 10000 2865 187250352 5335 5602
0b000701 0b001001 10000 10007 3438 187433651 5533 5801
0b000001 0b001001 10000 10000 764028 188419849 260337 260879
0b000701 0b001001 10000 10007 53304 189870244 22240 22526
0b000501 0b001001 10000 10005 8597 194880899 9901 7529
0b000801 0b001001 10000 10008 1222559 194849036 416823 414644
0b000401 0b001001 10000 10004 993293 195664373 339840 337761
0b000601 0b001001 10000 10006 27511 196252175 13596 13873
0b000801 0b001001 10000 10008 1566458 197455845 529144 529975
0b000901 0b001001 10000 10009 2292 199712937 5611 5419
0b000801 0b001001 10000 10008 1566458 197455845 2422496 529975
